1958 2235 0.5957204222672512
1958 2235 0.6194713259560005
1958 2235 0.5957204222672512
1958 2235 0.6194713259560005
1958 2235 0.5957204222672512
1958 2235 0.5957204222672512
1958 2235 0.6194713259560005
1958 2235 0.6194713259560005
2467 2460 0.383733300259999
2467 2460 0.383733300259999
2467 2460 0.383733300259999
2467 2460 0.383733300259999
2467 2460 0.3146111050155929
2467 2460 0.4513170727917798
2467 2460 0.3146111050155929
2467 2460 0.4513170727917798
2467 2460 0.3509718949107004
2467 2460 0.3509718949107004
2467 2460 0.3146111050155929
2467 2460 0.3146111050155929
2467 2460 0.4513170727917798
2467 2460 0.4513170727917798
2467 2460 0.3509718949107004
2467 2460 0.3509718949107004
2035 2067 0.9081006593266088
2067 1725 0.6833632199544096
1725 1751 0.6050066848566399
1751 1833 0.945430873219745
1833 3343791 0.8938802365509922
3343791 1166833 0.9285420532737231
1166833 2063 0.8807926830872534
2063 1642 0.6248142508451854
1642 2289 0.7211476641817303
2289 1964 0.33160581182788595
1964 1864 0.5702920401307238
1864 1774 0.36209001777386696
1774 1688 0.6090916170058235
1688 3343763 0.5865139201421226
3343763 2025 0.5659318432508339
2025 1946 0.3161296080323238
1946 1961 0.7714056533091107
1961 2149 0.46283790094858157
2149 2048 0.45851728029762695
2048 1755 0.5725281572064242
1755 1856 0.8540017605556719
1856 1803 1.0849501976350413
1803 1933 0.7036026405056671
1933 1887 0.9547067021715384
1887 1933 0.9547067021715384
1933 1803 0.7036026405056671
1803 1856 1.0849501976350413
1856 1755 0.8540017605556719
1755 2048 0.5725281572064242
2048 2149 0.45851728029762695
2149 1961 0.46283790094858157
1961 1946 0.7714056533091107
1946 2025 0.3161296080323238
2025 3343763 0.5659318432508339
3343763 1688 0.5865139201421226
1688 1774 0.6090916170058235
1774 1864 0.36209001777386696
1864 1964 0.5702920401307238
1964 2289 0.33160581182788595
2289 1642 0.7211476641817303
1642 2063 0.6248142508451854
2063 1166833 0.8807926830872534
1166833 3343791 0.9285420532737231
3343791 1833 0.8938802365509922
1833 1751 0.945430873219745
1751 1725 0.6050066848566399
1725 2067 0.6833632199544096
2067 2035 0.9081006593266088
1833 2058 0.21592653891253852
2058 2041 0.6412582736796169
2041 1788 0.41407327854452836
1788 2395 0.5617365710011147
2395 1812 0.3506313217971548
1812 2079 0.49336913275196354
2079 2548 0.4305666630988246
2548 1978 0.8126762686941378
1978 2297 0.5099435878839154
2297 1675 0.2653312420298276
1675 2235 0.5673951231237461
2235 2110 0.7168086603528716
2110 2046 0.4027644023920494
2046 1792 0.5076558666370677
1792 2071 0.3796015396632682
2071 2405 0.3752950820789728
2405 1707 0.5328800291980547
1707 2510 0.29011462867355053
2510 1822 0.5316306734915337
1822 1989 0.4702797561107265
1989 1684 0.39599311543883936
1684 2149 0.5344215938503774
2149 1694 0.8290006199348733
1694 1736 0.7871835055664375
1736 1694 0.7871835055664375
1694 2149 0.8290006199348733
2149 1684 0.5344215938503774
1684 1989 0.39599311543883936
1989 1822 0.4702797561107265
1822 2510 0.5316306734915337
2510 1707 0.29011462867355053
1707 2405 0.5328800291980547
2405 2071 0.3752950820789728
2071 1792 0.3796015396632682
1792 2046 0.5076558666370677
2046 2110 0.4027644023920494
2110 2235 0.7168086603528716
2235 1675 0.5673951231237461
1675 2297 0.2653312420298276
2297 1978 0.5099435878839154
1978 2548 0.8126762686941378
2548 2079 0.4305666630988246
2079 1812 0.49336913275196354
1812 2395 0.3506313217971548
2395 1788 0.5617365710011147
1788 2041 0.41407327854452836
2041 2058 0.6412582736796169
2058 1833 0.21592653891253852
1949 1737 0.5364811584418355
1737 1950 0.7608682089587139
1950 2395 0.8694648009611585
2395 1728 0.4564366738845115
1728 1779 0.467798551971118
1779 2376 0.814979455543665
2376 1683 0.18854535239726025
1683 2050 0.4217348419125717
2050 2375 0.2771391528322618
2375 1662 0.37886425063619655
1662 2007 0.528047500437915
2007 1760 0.3332040140105484
1760 3343767 0.32042385071494095
3343767 2285 0.41120127642800225
2285 2467 0.3248892561770991
2467 1935 0.42165266802227597
1935 2510 0.5632443492272173
2510 1881 0.39619614969583195
1881 1634 0.41952120462879616
1634 1786 0.6330734963375511
1786 1738 0.39361653744607417
1738 1862 0.48117337373406804
1862 2044 0.357573965670639
2044 1802 0.6831478536424372
1802 2044 0.6831478536424372
2044 1862 0.357573965670639
1862 1738 0.48117337373406804
1738 1786 0.39361653744607417
1786 1634 0.6330734963375511
1634 1881 0.41952120462879616
1881 2510 0.39619614969583195
2510 1935 0.5632443492272173
1935 2467 0.42165266802227597
2467 2285 0.3248892561770991
2285 3343767 0.41120127642800225
3343767 1760 0.32042385071494095
1760 2007 0.3332040140105484
2007 1662 0.528047500437915
1662 2375 0.37886425063619655
2375 2050 0.2771391528322618
2050 1683 0.4217348419125717
1683 2376 0.18854535239726025
2376 1779 0.814979455543665
1779 1728 0.467798551971118
1728 2395 0.4564366738845115
2395 1950 0.8694648009611585
1950 1737 0.7608682089587139
1737 1949 0.5364811584418355
1742 1668 0.4895404049058917
1668 1655 0.3262216817462024
1655 2033 0.4956678015337795
2033 2110 0.3507674270350394
2110 1958 0.6033551993631651
1958 2208 0.41991562887682127
2208 2034 0.4924545060909629
2034 3343776 0.33372212151759606
3343776 2375 0.4217843089584547
2375 1934 0.3718802877863238
1934 1855 0.2632307026523868
1855 1964 0.4250635102568037
1964 1975 0.31519917545279164
1975 1729 0.2825119248472981
1729 2533 0.4122558454396866
2533 1721 0.44190718259631506
1721 1733 0.2978178153547756
1733 1731 0.5414025598436457
1731 2363 0.3675246526722189
2363 1692 0.4012184045108688
1692 1645 0.34354495511707706
1645 1996 0.5572202853859465
1996 1828 0.2665669123442558
1828 2040 0.52829967126803
2040 1735 0.5976274107415375
1735 4028973 0.6261383847338536
4028973 1735 0.6261383847338536
1735 2040 0.5976274107415375
2040 1828 0.52829967126803
1828 1996 0.2665669123442558
1996 1645 0.5572202853859465
1645 1692 0.34354495511707706
1692 2363 0.4012184045108688
2363 1731 0.3675246526722189
1731 1733 0.5414025598436457
1733 1721 0.2978178153547756
1721 2533 0.44190718259631506
2533 1729 0.4122558454396866
1729 1975 0.2825119248472981
1975 1964 0.31519917545279164
1964 1855 0.4250635102568037
1855 1934 0.2632307026523868
1934 2375 0.3718802877863238
2375 3343776 0.4217843089584547
3343776 2034 0.33372212151759606
2034 2208 0.4924545060909629
2208 1958 0.41991562887682127
1958 2110 0.6033551993631651
2110 2033 0.3507674270350394
2033 1655 0.4956678015337795
1655 1668 0.3262216817462024
1668 1742 0.4895404049058917
2089 2072 2.196720606382067
2072 1932 0.9067079626962112
1932 1891 0.7529844783687036
1891 1746 0.8469414821773744
1746 1772 0.4602517890023155
1772 1922 0.5958579579338497
1922 2297 0.6625495457988765
2297 1675 0.2755106879179731
1675 1958 0.9625976520708198
1958 2208 0.31716958222467606
2208 1898 0.7005897715155374
1898 2376 0.4168179205876075
2376 2310 0.40590068184529804
2310 1700 0.5904319956436498
1700 2008 0.4518280321743473
2008 2063 0.3937254242924139
2063 1759 0.8416876693512344
1759 1952 0.3468007590824053
1952 1641 0.600591565157824
1641 2017 0.36005529856530305
2017 2403 0.532441361293806
2403 2017 0.532441361293806
2017 1641 0.36005529856530305
1641 1952 0.600591565157824
1952 1759 0.3468007590824053
1759 2063 0.8416876693512344
2063 2008 0.3937254242924139
2008 1700 0.4518280321743473
1700 2310 0.5904319956436498
2310 2376 0.40590068184529804
2376 1898 0.4168179205876075
1898 2208 0.7005897715155374
2208 1958 0.31716958222467606
1958 1675 0.9625976520708198
1675 2297 0.2755106879179731
2297 1922 0.6625495457988765
1922 1772 0.5958579579338497
1772 1746 0.4602517890023155
1746 1891 0.8469414821773744
1891 1932 0.7529844783687036
1932 2072 0.9067079626962112
1833 1789 0.3775020220562081
1789 2065 0.43784580448845983
2065 3343796 0.43648617055096456
3343796 2082 0.4746372257185209
2082 2068 0.7370222464681014
2068 1644 0.5016263305334593
1644 1974 0.5143745204491598
1974 1836 0.5083481794959654
1836 2403 0.4888141638341683
2403 1987 0.4033343044468128
1987 1962 0.570216316688188
1962 1640 0.5096468694207521
1640 1996 0.27583633808454877
1996 1645 0.5740852789379052
1645 1930 0.3649642672280501
1930 2363 0.40543553562083406
2363 1782 0.5811561524354318
1782 1665 0.3762238754562166
1665 2016 0.7123334223494694
2016 2241 0.345658142140535
2241 1926 0.33754602708667236
1926 2069 0.5627878069721965
2069 1780 0.4273007707443446
1780 1687 0.5836455950837771
1687 2073 0.5081290921472986
2073 1909 0.5503214604759702
1909 2149 0.28753537491004444
2149 1909 0.28753537491004444
1909 2073 0.5503214604759702
2073 1687 0.5081290921472986
1687 1780 0.5836455950837771
1780 2069 0.4273007707443446
2069 1926 0.5627878069721965
1926 2241 0.33754602708667236
2241 2016 0.345658142140535
2016 1665 0.7123334223494694
1665 1782 0.3762238754562166
1782 2363 0.5811561524354318
2363 1930 0.40543553562083406
1930 1645 0.3649642672280501
1645 1996 0.5740852789379052
1996 1640 0.27583633808454877
1640 1962 0.5096468694207521
1962 1987 0.570216316688188
1987 2403 0.4033343044468128
2403 1836 0.4888141638341683
1836 1974 0.5083481794959654
1974 1644 0.5143745204491598
1644 2068 0.5016263305334593
2068 2082 0.7370222464681014
2082 3343796 0.4746372257185209
3343796 2065 0.43648617055096456
2065 1789 0.43784580448845983
1789 1833 0.3775020220562081
1911 1944 0.8670116338790638
1944 2055 1.3905518068974807
2055 1744 0.8667192626633288
1744 1985 0.3999362951767374
1985 2080 0.6337606564967492
2080 1703 0.27172439492609335
1703 1675 0.6295463960987003
1675 1860 0.44729906960747906
1860 2085 0.3517166799854187
2085 2208 0.3189444286412782
2208 1800 0.7101339088653609
1800 2015 0.4729845725133111
2015 1849 0.2521315785090017
1849 2226 0.5391074835871316
2226 3343767 0.27725686337066074
3343767 2435 0.46552725490860375
2435 1774 0.36040336752822616
1774 1806 0.7257476674025303
1806 1964 0.4018754775922912
1964 1805 0.8517083441872998
1805 1681 0.40941220191001315
1681 1908 0.7135886806455387
1908 1649 0.36898153956423674
1649 2020 0.28699126964176686
2020 1854 0.497263169692332
1854 2403 0.561672187719454
2403 1685 0.6122263240388434
1685 1876 0.3729635801481594
1876 1925 1.4161149985510617
1925 1639 0.7511908663948558
1639 1696 0.9207319479850745
1696 1695 1.0435887741210759
1695 1808 3.599721951228771
1808 1740 0.352461986065549
1740 1734 0.35673002771326434
1734 1790 0.8715998742389361
1790 1871 0.6658745594809946
1695 1696 1.0435887741210759
1696 1639 0.9207319479850745
1639 1925 0.7511908663948558
1925 1876 1.4161149985510617
1876 1685 0.3729635801481594
1685 2403 0.6122263240388434
2403 1854 0.561672187719454
1854 2020 0.497263169692332
2020 1649 0.28699126964176686
1649 1908 0.36898153956423674
1908 1681 0.7135886806455387
1681 1805 0.40941220191001315
1805 1964 0.8517083441872998
1964 1806 0.4018754775922912
1806 1774 0.7257476674025303
1774 2435 0.36040336752822616
2435 3343767 0.46552725490860375
3343767 2226 0.27725686337066074
2226 1849 0.5391074835871316
1849 2015 0.2521315785090017
2015 1800 0.4729845725133111
1800 2208 0.7101339088653609
2208 2085 0.3189444286412782
2085 1860 0.3517166799854187
1860 1675 0.44729906960747906
1675 1703 0.6295463960987003
1703 2080 0.27172439492609335
2080 1985 0.6337606564967492
1985 1744 0.3999362951767374
1744 2055 0.8667192626633288
2055 1944 1.3905518068974807
1944 1911 0.8670116338790638
1871 1790 0.6658745594809946
1790 1734 0.8715998742389361
1734 1740 0.35673002771326434
1740 1808 0.352461986065549
3343334 3343336 0.3324792274738107
3343336 3343338 0.49114048666220267
3343338 3343746 0.3729614296616315
3343746 3343753 0.23002592731584873
3343753 2241 0.5459839412198926
2241 3343757 0.830330458183812
3343757 3343759 0.4587318830137813
3343759 3343762 0.5572246913588208
3343762 3343763 0.64491636390875
3343763 3343765 0.5454745131881422
3343765 3343767 0.5310572923600949
3343767 3343769 0.6171057018310306
3343769 3343772 0.22343017794147724
3343772 3343773 0.42429385606285147
3343773 3343776 0.4296177697454038
3343776 2376 0.7027225355579884
2376 3343779 0.5686262294225625
3343779 3343781 0.23689430652960006
3343781 3343783 0.38101404898426827
3343783 2063 0.43564791719147455
2063 3343787 0.5703042909823626
3343787 3343789 0.6342120975004683
3343789 3343791 0.37640809838021144
3343791 3343793 0.38506630362706995
3343793 3343796 0.6604509576158255
3343796 3343797 0.6146213046091301
3343797 3343799 0.2910588168718802
3343799 3343801 0.5242948997819059
3343801 3343803 0.9319269360398207
3343803 3343805 0.6598145101582149
3343805 3343807 0.9124876915110042
3343807 3343809 1.3153738835054216
3343809 3343811 0.965260501048516
3343811 3343813 0.7002899920906721
3343813 3343815 0.7706337666589459
3343815 3343817 1.2704854364476377
3343817 3343819 1.2757404075015357
3343819 3343817 1.2757404075015357
3343817 3343815 1.2704854364476377
3343815 3343813 0.7706337666589459
3343813 3343811 0.7002899920906721
3343811 3343809 0.965260501048516
3343809 3343807 1.3153738835054216
3343807 3343805 0.9124876915110042
3343805 3343803 0.6598145101582149
3343803 3343801 0.9319269360398207
3343801 3343799 0.5242948997819059
3343799 3343797 0.2910588168718802
3343797 3343796 0.6146213046091301
3343796 3343793 0.6604509576158255
3343793 3343791 0.38506630362706995
3343791 3343789 0.37640809838021144
3343789 3343787 0.6342120975004683
3343787 2063 0.5703042909823626
2063 3343783 0.43564791719147455
3343783 3343781 0.38101404898426827
3343781 3343779 0.23689430652960006
3343779 2376 0.5686262294225625
2376 3343776 0.7027225355579884
3343776 3343773 0.4296177697454038
3343773 3343772 0.42429385606285147
3343772 3343769 0.22343017794147724
3343769 3343767 0.6171057018310306
3343767 3343765 0.5310572923600949
3343765 3343763 0.5454745131881422
3343763 3343762 0.64491636390875
3343762 3343759 0.5572246913588208
3343759 3343757 0.4587318830137813
3343757 2241 0.830330458183812
2241 3343753 0.5459839412198926
3343753 3343746 0.23002592731584873
3343746 3343338 0.3729614296616315
3343338 3343336 0.49114048666220267
3343336 3343334 0.3324792274738107
1804 2088 0.6190086343098553
2088 1884 0.43386512033679364
1884 1747 0.9798901474457021
1747 1936 0.6810478159913352
1936 1817 0.2717160021904375
1817 2354 0.36147832959465154
2354 1899 0.5702142825717417
1899 1762 0.3717206352981982
1762 1917 0.4178506086756416
1917 1708 0.7396085587764001
1708 1687 0.6654753085835279
1687 1895 0.5453713391131749
1895 2043 0.5271532154571248
2043 1946 0.8090518242773429
1946 1730 0.4113988636253419
1730 1820 0.37098362427976356
1820 2460 0.38843414393980685
2460 2285 0.6122546688559996
2285 2226 0.30451449059365726
2226 3343769 0.4671461821328359
3343769 3343772 0.2913195230775114
3343772 3343773 0.42866447065421187
3343773 3343776 0.4378143301554883
3343776 2376 0.6927009891929965
2376 2310 0.4011588225916392
2310 1714 0.5473428082408796
1714 1633 0.6709822866580747
1633 2032 0.49647377257560166
2032 1709 0.4020341193329868
1709 1833 0.7203334075627725
1833 2014 0.4002759448622753
2014 1882 0.39182677115847747
1882 1745 0.31036565347489664
1745 1704 0.99913462314364
1704 1993 0.9295790408851523
1993 1873 0.6456365678285426
1873 1993 0.6456365678285426
1993 1704 0.9295790408851523
1704 1745 0.99913462314364
1745 1882 0.31036565347489664
1882 2014 0.39182677115847747
2014 1833 0.4002759448622753
1833 1709 0.7203334075627725
1709 2032 0.4020341193329868
2032 1633 0.49647377257560166
1633 1714 0.6709822866580747
1714 2310 0.5473428082408796
2310 2376 0.4011588225916392
2376 3343776 0.6927009891929965
3343776 3343773 0.4378143301554883
3343773 3343772 0.42866447065421187
3343772 3343769 0.2913195230775114
3343769 2226 0.4671461821328359
2226 2285 0.30451449059365726
2285 2460 0.6122546688559996
2460 1820 0.38843414393980685
1820 1730 0.37098362427976356
1730 1946 0.4113988636253419
1946 2043 0.8090518242773429
2043 1895 0.5271532154571248
1895 1687 0.5453713391131749
1687 1708 0.6654753085835279
1708 1917 0.7396085587764001
1917 1762 0.4178506086756416
1762 1899 0.3717206352981982
1899 2354 0.5702142825717417
2354 1817 0.36147832959465154
1817 1936 0.2717160021904375
1936 1747 0.6810478159913352
1747 1884 0.9798901474457021
1884 2088 0.43386512033679364
2088 1804 0.6190086343098553
2005 2004 0.7922575506899056
2004 1817 1.7427091075119323
1817 2026 0.33804901317891567
2026 1818 0.5003017851190663
1818 1903 0.36858119799480604
1903 2031 0.5736543013846316
2031 2057 0.7204694591953531
2057 2241 0.2855113056133976
2241 1661 0.7155476426248355
1661 1927 0.7074869922910839
1927 1690 0.37620697186425767
1690 2476 0.4349470710721181
2476 1867 0.6937888841655415
1867 2533 0.278348200190715
2533 1977 0.4819549082917554
1977 1811 0.30919031886082693
1811 2018 0.37840409891817395
2018 1908 0.25751331341975675
1908 1952 0.7221226054838881
1952 8433 7.788668203813999
8433 1952 7.788668203813999
1952 1908 0.7221226054838881
1908 2018 0.25751331341975675
2018 1811 0.37840409891817395
1811 1977 0.30919031886082693
1977 2533 0.4819549082917554
2533 1867 0.278348200190715
1867 2476 0.6937888841655415
2476 1690 0.4349470710721181
1690 1927 0.37620697186425767
1927 1661 0.7074869922910839
1661 2241 0.7155476426248355
2241 2057 0.2855113056133976
2057 2031 0.7204694591953531
2031 1903 0.5736543013846316
1903 2256 0.6344127457030067
2256 2354 0.34275431638656667
2354 8433 0.5231830745707554
8433 2004 1.5287150407521493
2004 2005 0.7922575506899056
1875 2430 0.7376774448259373
2430 1682 0.6048530690845015
1682 1797 0.4261408731388124
1797 1905 0.32408484547089084
1905 1758 0.3616178693534739
1758 2548 0.6304742020543566
2548 1963 0.487355304406897
1963 2376 0.6429896485022257
2376 2050 0.5801959876743721
2050 1761 0.4965791365620191
1761 2289 0.39971758385382544
2289 1964 0.29426470429565016
1964 2289 0.29426470429565016
2289 1761 0.39971758385382544
1761 2050 0.4965791365620191
2050 2376 0.5801959876743721
2376 1963 0.6429896485022257
1963 2548 0.487355304406897
2548 1758 0.6304742020543566
1758 1905 0.3616178693534739
1905 1797 0.32408484547089084
1797 1682 0.4261408731388124
1682 2430 0.6048530690845015
2430 1875 0.7376774448259373
1870 1986 0.48226701147684253
1986 1750 0.8876152709328741
1750 1984 0.8275488251655155
1984 1691 0.42773172593302805
1691 1632 0.5518878845261107
1632 1782 0.37607922357513396
1782 1938 0.3952279144215967
1938 2363 0.4406739035856614
2363 1842 0.3664763035733203
1842 1646 0.3810129849664809
1646 2476 0.3847544178330386
2476 1710 0.4874629853624778
1710 1669 0.3506099894132896
1669 2052 0.38315702771573884
2052 3343763 0.45591016375160265
3343763 3343765 0.5328929227826132
3343765 2467 0.6438980471237543
2467 1686 0.3870557341130198
1686 1841 0.44747708828694105
1841 1720 0.28287642714404876
1720 1792 0.38437134841685255
1792 2037 0.27770207321034135
2037 1920 0.5961277170087627
1920 1906 0.487331547350782
1906 1655 0.39424606351855507
1655 1886 0.7617170671938962
1886 1743 0.8443726348447507
1743 3901291 1.0621459669496445
3901291 1743 1.0621459669496445
1743 1886 0.8443726348447507
1886 1655 0.7617170671938962
1655 1906 0.39424606351855507
1906 1920 0.487331547350782
1920 2037 0.5961277170087627
2037 1792 0.27770207321034135
1792 1720 0.38437134841685255
1720 1841 0.28287642714404876
1841 1686 0.44747708828694105
1686 2467 0.3870557341130198
2467 3343765 0.6438980471237543
3343765 3343763 0.5328929227826132
3343763 2052 0.45591016375160265
2052 1669 0.38315702771573884
1669 1710 0.3506099894132896
1710 2476 0.4874629853624778
2476 1646 0.3847544178330386
1646 1842 0.3810129849664809
1842 2363 0.3664763035733203
2363 1938 0.4406739035856614
1938 1782 0.3952279144215967
1782 1632 0.37607922357513396
1632 1691 0.5518878845261107
1691 1984 0.42773172593302805
1984 1750 0.8275488251655155
1750 1986 0.8876152709328741
1986 1870 0.48226701147684253
1969 1880 0.5723615176660124
1880 1879 0.8618011847475214
1879 1749 0.7539523579388094
1749 1799 0.8283849810108626
1799 1787 0.3822013279717841
1787 1948 0.6327510833595033
1948 2363 0.3856708245507986
2363 1927 0.6369088806478878
1927 1719 0.46982946015668825
1719 1638 0.602089476330759
1638 3343762 0.49590550692012164
3343762 2025 0.7249923702765876
2025 1820 0.6909757722891549
1820 2467 0.6626086529231574
2467 1858 0.4323679149510667
1858 2405 0.4088237642295106
2405 1656 0.483966214733184
1656 2009 0.5380671452842205
2009 1741 0.6434623492701184
1741 1872 1.2211898033089723
1872 1947 1.613784174238228
1947 1662795 0.9331735782787653
1662795 1662797 0.8359608606578863
1888 1748 0.5129492480382818
1748 1959 1.0086957355322435
1959 1874 0.5977041984389421
1874 1692060 1.1869354062567772
1692060 1717 1.427156243057865
1717 1716 0.7708687492385581
1716 140078 1.0854944638853388
1662797 1662795 0.8359608606578863
1662795 1947 0.9331735782787653
1947 1872 1.613784174238228
1872 1741 1.2211898033089723
1741 2009 0.6434623492701184
2009 1656 0.5380671452842205
1656 1888 0.6329804447661648
1888 1656 0.6329804447661648
1656 2405 0.483966214733184
2405 1858 0.4088237642295106
1858 2467 0.4323679149510667
2467 1820 0.6626086529231574
1820 2025 0.6909757722891549
2025 3343762 0.7249923702765876
3343762 1638 0.49590550692012164
1638 1719 0.602089476330759
1719 1927 0.46982946015668825
1927 2363 0.6369088806478878
2363 1948 0.3856708245507986
1948 1787 0.6327510833595033
1787 1799 0.3822013279717841
1799 1749 0.8283849810108626
1749 1879 0.7539523579388094
1879 1880 0.8618011847475214
1880 1969 0.5723615176660124
140078 1716 1.0854944638853388
1716 1717 0.7708687492385581
1692060 1874 1.1869354062567772
1874 1959 0.5977041984389421
1959 1748 1.0086957355322435
1748 1888 0.5129492480382818
2467 3343765 0.666878901371213
3343765 2435 0.8186846371594069
2435 1964 1.273949369983919
1166833 2068 0.6491842452372959
2068 1166828 0.9897643285597731
1166828 1166826 0.9053403800775678
1166826 1166824 0.7380142995951854
1166824 1166826 0.7380142995951854
1166826 1166828 0.9053403800775678
1166828 2068 0.9897643285597731
2068 1166833 0.6491842452372959
1964 2435 1.273949369983919
2435 3343765 0.8186846371594069
3343765 2467 0.666878901371213
2430 1718 0.6019808988401844
1718 1783 0.4435748656151823
1783 1950 0.4088773782054584
1950 1783 0.4088773782054584
1783 1718 0.4435748656151823
1718 2430 0.6019808988401844
1756 1635 0.4374258985624793
1635 2002 0.383389927848917
2002 2013 0.6325907196912987
2013 2075 0.6135902432007205
2075 2297 0.3187212500117319
2297 1860 0.35611034811787734
1860 2297 0.35611034811787734
2297 2075 0.3187212500117319
2075 2013 0.6135902432007205
2013 2002 0.6325907196912987
2002 1797 0.3608572927203368
1797 1756 0.5364863393802664